% Thermal map for layer LOGIC (please find axis information in "xaxis.txt" and "yaxis.txt")
308.205  308.226  308.265  308.315  308.368  308.420  308.476  308.534  308.589  308.636  308.676  308.699  308.690  308.649  308.593  308.535  308.478  308.422  308.357  308.263  308.117  307.920  307.698  307.472  307.257  307.059  306.883  306.733  306.610  306.517  306.455  306.424  
308.528  308.585  308.717  308.893  308.979  308.981  309.050  309.194  309.291  309.348  309.512  309.740  309.720  309.448  309.221  309.109  309.076  309.126  309.315  309.543  309.377  308.813  308.286  307.889  307.562  307.289  307.062  306.875  306.728  306.618  306.546  306.509  
308.957  309.049  309.268  309.561  309.684  309.647  309.733  309.960  310.102  310.174  310.454  310.868  310.838  310.359  309.978  309.816  309.803  309.950  310.367  310.879  310.686  309.784  308.967  308.398  307.954  307.597  307.309  307.080  306.902  306.771  306.685  306.642  
309.292  309.392  309.625  309.936  310.073  310.048  310.148  310.391  310.550  310.638  310.935  311.363  311.332  310.838  310.441  310.270  310.261  310.421  310.855  311.376  311.165  310.218  309.344  308.722  308.229  307.833  307.512  307.257  307.059  306.915  306.819  306.772  
309.505  309.605  309.839  310.150  310.288  310.263  310.362  310.604  310.762  310.848  311.144  311.569  311.535  311.037  310.635  310.461  310.449  310.606  311.037  311.554  311.337  310.381  309.498  308.865  308.363  307.957  307.629  307.367  307.164  307.015  306.917  306.869  
309.607  309.702  309.926  310.224  310.349  310.311  310.395  310.620  310.760  310.827  311.104  311.513  311.471  310.974  310.574  310.399  310.380  310.525  310.942  311.450  311.238  310.303  309.446  308.839  308.359  307.971  307.657  307.405  307.210  307.066  306.971  306.924  
309.639  309.712  309.885  310.117  310.212  310.176  310.235  310.401  310.494  310.526  310.720  311.021  310.972  310.568  310.245  310.093  310.058  310.144  310.440  310.806  310.609  309.847  309.148  308.645  308.237  307.901  307.623  307.397  307.219  307.086  306.998  306.955  
309.747  309.779  309.837  309.905  309.964  310.008  310.048  310.083  310.098  310.093  310.080  310.053  309.995  309.908  309.819  309.747  309.694  309.657  309.616  309.530  309.349  309.073  308.753  308.431  308.127  307.851  307.610  307.405  307.240  307.116  307.033  306.991  
310.221  310.290  310.446  310.647  310.732  310.707  310.753  310.861  310.816  310.613  310.452  310.363  310.246  310.098  309.989  309.940  309.946  310.014  310.182  310.355  310.176  309.642  309.114  308.685  308.314  307.995  307.724  307.500  307.321  307.187  307.098  307.053  
310.855  310.999  311.349  311.816  311.964  311.816  311.899  312.196  312.098  311.591  311.240  311.110  310.915  310.633  310.454  310.423  310.527  310.795  311.378  312.069  311.880  310.809  309.840  309.175  308.656  308.240  307.904  307.635  307.426  307.272  307.171  307.120  
311.210  311.369  311.747  312.243  312.409  312.265  312.351  312.645  312.525  311.981  311.590  311.427  311.205  310.903  310.717  310.697  310.828  311.141  311.776  312.505  312.308  311.183  310.144  309.412  308.836  308.374  308.002  307.707  307.478  307.310  307.200  307.145  
311.227  311.388  311.768  312.267  312.434  312.290  312.374  312.663  312.537  311.984  311.584  311.413  311.184  310.878  310.691  310.672  310.809  311.129  311.771  312.505  312.309  311.179  310.132  309.390  308.806  308.337  307.960  307.660  307.428  307.259  307.147  307.092  
310.903  311.059  311.431  311.920  312.079  311.928  312.006  312.294  312.169  311.621  311.228  311.064  310.841  310.537  310.351  310.329  310.459  310.772  311.408  312.143  311.957  310.847  309.827  309.116  308.560  308.118  307.764  307.483  307.267  307.109  307.005  306.954  
310.244  310.376  310.706  311.147  311.272  311.104  311.168  311.447  311.337  310.829  310.479  310.349  310.155  309.874  309.695  309.658  309.751  310.005  310.573  311.262  311.096  310.073  309.164  308.558  308.094  307.727  307.433  307.200  307.018  306.886  306.798  306.755  
309.343  309.369  309.415  309.464  309.493  309.496  309.487  309.461  309.398  309.300  309.192  309.086  308.983  308.885  308.804  308.746  308.710  308.690  308.671  308.615  308.473  308.245  307.979  307.715  307.467  307.244  307.050  306.886  306.754  306.655  306.589  306.555  
308.844  308.848  308.854  308.858  308.855  308.843  308.821  308.787  308.739  308.680  308.613  308.540  308.464  308.389  308.314  308.241  308.167  308.089  308.001  307.896  307.769  307.620  307.457  307.288  307.121  306.963  306.819  306.695  306.591  306.512  306.458  306.431  

