% Thermal map for layer LOGIC (please find axis information in "xaxis.txt" and "yaxis.txt")
309.533  309.543  309.558  309.563  309.541  309.489  309.420  309.341  309.248  309.144  309.031  308.905  308.756  308.586  308.410  308.238  308.076  307.921  307.769  307.605  307.415  307.197  306.970  306.750  306.544  306.358  306.194  306.056  305.944  305.859  305.802  305.774  
310.076  310.158  310.358  310.610  310.615  310.380  310.220  310.174  310.068  309.899  309.832  309.839  309.656  309.276  308.943  308.710  308.546  308.453  308.467  308.519  308.310  307.837  307.398  307.058  306.774  306.534  306.334  306.170  306.041  305.944  305.880  305.848  
310.749  310.897  311.268  311.743  311.777  311.380  311.140  311.122  311.002  310.775  310.746  310.867  310.648  310.076  309.596  309.303  309.135  309.095  309.255  309.494  309.261  308.550  307.908  307.447  307.079  306.781  306.538  306.343  306.191  306.079  306.005  305.969  
311.179  311.340  311.732  312.230  312.275  311.876  311.630  311.610  311.487  311.257  311.228  311.346  311.114  310.521  310.018  309.709  309.535  309.497  309.664  309.905  309.654  308.909  308.225  307.724  307.321  306.993  306.726  306.512  306.346  306.223  306.143  306.103  
311.326  311.490  311.887  312.389  312.440  312.047  311.808  311.793  311.677  311.453  311.428  311.551  311.322  310.730  310.228  309.918  309.743  309.703  309.868  310.104  309.848  309.095  308.403  307.893  307.481  307.145  306.871  306.650  306.478  306.352  306.269  306.227  
311.186  311.345  311.735  312.233  312.288  311.909  311.687  311.690  311.591  311.385  311.376  311.514  311.303  310.732  310.248  309.950  309.780  309.738  309.896  310.128  309.876  309.136  308.459  307.964  307.565  307.238  306.970  306.755  306.586  306.461  306.379  306.338  
310.756  310.879  311.184  311.580  311.634  311.352  311.199  311.222  311.163  311.014  311.016  311.127  310.958  310.500  310.104  309.846  309.680  309.606  309.684  309.820  309.575  308.950  308.378  307.947  307.592  307.295  307.047  306.844  306.684  306.564  306.485  306.445  
310.204  310.240  310.304  310.376  310.428  310.456  310.480  310.505  310.522  310.527  310.519  310.479  310.375  310.208  310.016  309.826  309.651  309.490  309.332  309.149  308.905  308.600  308.273  307.953  307.656  307.389  307.157  306.961  306.804  306.685  306.606  306.566  
310.036  310.085  310.189  310.329  310.433  310.502  310.618  310.787  310.934  311.068  311.302  311.565  311.492  311.082  310.694  310.420  310.222  310.097  310.072  310.069  309.800  309.264  308.745  308.318  307.950  307.633  307.366  307.144  306.968  306.837  306.750  306.706  
310.107  310.197  310.406  310.693  310.868  310.942  311.153  311.512  311.815  312.099  312.715  313.499  313.438  312.525  311.746  311.311  311.079  311.040  311.294  311.667  311.360  310.369  309.478  308.845  308.345  307.939  307.610  307.346  307.140  306.988  306.889  306.839  
310.127  310.230  310.464  310.786  310.998  311.114  311.376  311.796  312.165  312.519  313.207  314.051  314.005  313.064  312.247  311.784  311.541  311.507  311.778  312.161  311.831  310.783  309.823  309.128  308.573  308.125  307.762  307.471  307.246  307.081  306.973  306.919  
309.997  310.104  310.344  310.675  310.899  311.029  311.305  311.742  312.131  312.503  313.209  314.067  314.030  313.095  312.280  311.818  311.577  311.548  311.823  312.208  311.877  310.823  309.856  309.153  308.591  308.136  307.767  307.473  307.245  307.078  306.969  306.914  
309.686  309.789  310.022  310.343  310.555  310.671  310.932  311.353  311.725  312.082  312.775  313.626  313.592  312.668  311.868  311.423  311.197  311.180  311.469  311.869  311.559  310.533  309.598  308.925  308.393  307.964  307.618  307.342  307.129  306.973  306.870  306.820  
309.202  309.289  309.491  309.773  309.944  310.018  310.227  310.584  310.886  311.168  311.782  312.573  312.539  311.674  310.948  310.561  310.367  310.356  310.634  311.033  310.768  309.835  309.007  308.434  307.987  307.628  307.338  307.105  306.925  306.792  306.704  306.661  
308.626  308.658  308.720  308.804  308.898  309.001  309.118  309.246  309.375  309.499  309.610  309.680  309.661  309.556  309.412  309.265  309.130  309.009  308.890  308.747  308.542  308.274  307.984  307.702  307.442  307.209  307.006  306.836  306.699  306.596  306.528  306.493  
308.299  308.316  308.350  308.398  308.457  308.522  308.592  308.662  308.727  308.780  308.816  308.828  308.809  308.759  308.684  308.590  308.480  308.357  308.221  308.068  307.897  307.711  307.517  307.323  307.135  306.961  306.804  306.669  306.558  306.474  306.416  306.388  

