% Thermal map for layer LOGIC (please find axis information in "xaxis.txt" and "yaxis.txt")
311.842  311.855  311.872  311.874  311.837  311.757  311.658  311.553  311.445  311.336  311.227  311.113  310.977  310.823  310.665  310.516  310.379  310.250  310.117  309.955  309.732  309.451  309.142  308.834  308.542  308.275  308.039  307.839  307.675  307.552  307.469  307.427  
312.534  312.646  312.925  313.270  313.250  312.867  312.570  312.434  312.293  312.143  312.126  312.195  312.036  311.645  311.318  311.125  311.032  311.046  311.237  311.482  311.238  310.501  309.813  309.293  308.863  308.504  308.204  307.959  307.765  307.621  307.525  307.478  
313.343  313.547  314.063  314.717  314.713  314.058  313.581  313.410  313.236  313.046  313.107  313.336  313.153  312.547  312.066  311.832  311.779  311.924  312.407  313.012  312.739  311.583  310.536  309.803  309.228  308.767  308.394  308.096  307.865  307.695  307.583  307.528  
313.756  313.976  314.519  315.197  315.196  314.524  314.024  313.835  313.648  313.451  313.511  313.740  313.546  312.920  312.421  312.180  312.134  312.299  312.808  313.427  313.134  311.925  310.811  310.013  309.382  308.873  308.463  308.135  307.882  307.696  307.574  307.514  
313.731  313.953  314.497  315.178  315.178  314.506  314.004  313.815  313.625  313.426  313.484  313.710  313.512  312.881  312.376  312.131  312.081  312.243  312.748  313.364  313.065  311.848  310.726  309.920  309.282  308.766  308.350  308.019  307.762  307.574  307.451  307.390  
313.262  313.476  314.008  314.678  314.680  314.020  313.534  313.357  313.177  312.982  313.038  313.261  313.063  312.435  311.932  311.681  311.617  311.759  312.243  312.846  312.555  311.366  310.283  309.517  308.915  308.431  308.042  307.732  307.492  307.316  307.201  307.143  
312.347  312.508  312.915  313.434  313.434  312.919  312.543  312.405  312.254  312.081  312.098  312.241  312.050  311.518  311.081  310.834  310.726  310.771  311.085  311.501  311.227  310.262  309.391  308.773  308.282  307.883  307.558  307.297  307.093  306.943  306.843  306.794  
311.222  311.254  311.309  311.356  311.357  311.309  311.239  311.162  311.068  310.959  310.841  310.701  310.516  310.286  310.047  309.822  309.621  309.443  309.275  309.083  308.825  308.500  308.153  307.817  307.507  307.231  306.993  306.793  306.633  306.513  306.433  306.392  
310.618  310.662  310.758  310.880  310.939  310.939  310.990  311.079  311.039  310.873  310.763  310.699  310.463  310.050  309.655  309.328  309.043  308.795  308.583  308.385  308.122  307.794  307.475  307.188  306.930  306.700  306.501  306.334  306.199  306.098  306.030  305.996  
310.370  310.462  310.682  310.981  311.122  311.126  311.312  311.647  311.661  311.366  311.287  311.398  311.087  310.330  309.661  309.185  308.814  308.531  308.349  308.220  307.940  307.504  307.109  306.793  306.526  306.299  306.108  305.950  305.825  305.731  305.669  305.638  
310.120  310.226  310.471  310.804  310.978  311.014  311.235  311.604  311.638  311.349  311.270  311.374  311.034  310.228  309.505  308.983  308.577  308.269  308.074  307.935  307.643  307.193  306.786  306.463  306.192  305.966  305.777  305.623  305.502  305.412  305.352  305.322  
309.761  309.870  310.121  310.460  310.642  310.687  310.917  311.294  311.334  311.049  310.971  311.075  310.731  309.920  309.191  308.662  308.252  307.942  307.746  307.608  307.319  306.872  306.468  306.150  305.885  305.663  305.480  305.332  305.215  305.129  305.072  305.044  
309.253  309.357  309.601  309.932  310.105  310.140  310.362  310.732  310.770  310.487  310.415  310.530  310.202  309.411  308.704  308.198  307.809  307.518  307.340  307.220  306.948  306.519  306.133  305.832  305.582  305.375  305.205  305.066  304.958  304.878  304.825  304.798  
308.590  308.677  308.887  309.176  309.310  309.309  309.491  309.825  309.844  309.561  309.496  309.627  309.343  308.626  307.999  307.562  307.227  306.977  306.828  306.733  306.494  306.107  305.763  305.499  305.281  305.100  304.950  304.828  304.733  304.662  304.615  304.591  
307.847  307.867  307.904  307.946  307.981  308.005  308.021  308.020  307.983  307.907  307.804  307.672  307.490  307.263  307.018  306.776  306.546  306.331  306.128  305.933  305.735  305.534  305.341  305.163  305.002  304.861  304.740  304.639  304.558  304.497  304.457  304.436  
307.435  307.438  307.443  307.447  307.446  307.436  307.414  307.377  307.321  307.244  307.145  307.024  306.882  306.720  306.546  306.364  306.179  305.995  305.813  305.635  305.462  305.294  305.135  304.986  304.851  304.729  304.623  304.534  304.462  304.407  304.371  304.353  

