% Thermal map for layer LOGIC (please find axis information in "xaxis.txt" and "yaxis.txt")
313.614  313.641  313.687  313.734  313.758  313.748  313.711  313.638  313.506  313.316  313.087  312.826  312.529  312.201  311.867  311.544  311.239  310.950  310.671  310.382  310.057  309.699  309.332  308.980  308.652  308.358  308.100  307.883  307.707  307.575  307.486  307.441  
314.264  314.386  314.677  315.062  315.197  315.097  315.169  315.386  315.254  314.770  314.429  314.257  313.844  313.173  312.589  312.163  311.848  311.643  311.603  311.624  311.271  310.542  309.866  309.340  308.900  308.529  308.219  307.965  307.765  307.615  307.516  307.467  
314.974  315.173  315.648  316.287  316.560  316.508  316.840  317.470  317.336  316.437  315.835  315.610  315.054  314.124  313.349  312.839  312.518  312.390  312.561  312.855  312.467  311.394  310.425  309.725  309.165  308.711  308.342  308.045  307.814  307.644  307.532  307.476  
315.280  315.499  316.011  316.699  317.020  317.014  317.391  318.056  317.922  316.989  316.340  316.068  315.462  314.480  313.661  313.123  312.789  312.663  312.845  313.143  312.736  311.616  310.592  309.839  309.235  308.743  308.344  308.024  307.776  307.594  307.474  307.414  
315.069  315.290  315.808  316.503  316.832  316.836  317.222  317.894  317.762  316.827  316.174  315.898  315.287  314.302  313.482  312.943  312.612  312.489  312.675  312.976  312.571  311.451  310.427  309.672  309.067  308.575  308.175  307.855  307.607  307.424  307.305  307.245  
314.308  314.517  315.012  315.681  315.991  315.983  316.362  317.030  316.904  315.983  315.348  315.095  314.516  313.571  312.788  312.280  311.970  311.860  312.054  312.367  311.987  310.907  309.928  309.218  308.652  308.194  307.823  307.526  307.296  307.126  307.015  306.960  
313.027  313.173  313.520  313.993  314.227  314.258  314.613  315.197  315.078  314.257  313.662  313.385  312.900  312.169  311.555  311.136  310.857  310.725  310.829  311.030  310.696  309.822  309.035  308.461  308.000  307.622  307.312  307.062  306.866  306.722  306.627  306.579  
311.550  311.589  311.660  311.742  311.810  311.854  311.879  311.860  311.751  311.552  311.305  311.033  310.730  310.404  310.081  309.782  309.512  309.271  309.046  308.810  308.527  308.196  307.853  307.525  307.225  306.958  306.728  306.536  306.382  306.266  306.189  306.150  
310.512  310.547  310.623  310.695  310.732  310.726  310.765  310.799  310.705  310.484  310.269  310.078  309.810  309.469  309.145  308.862  308.610  308.386  308.193  308.006  307.758  307.447  307.143  306.868  306.619  306.399  306.209  306.049  305.920  305.824  305.759  305.726  
309.878  309.956  310.159  310.335  310.403  310.344  310.534  310.811  310.723  310.271  309.925  309.732  309.423  308.979  308.590  308.294  308.063  307.897  307.827  307.802  307.572  307.137  306.741  306.435  306.179  305.963  305.782  305.633  305.515  305.427  305.368  305.339  
309.329  309.417  309.638  309.833  309.919  309.877  310.090  310.387  310.303  309.839  309.478  309.274  308.954  308.501  308.108  307.816  307.597  307.450  307.406  307.404  307.187  306.755  306.358  306.052  305.799  305.588  305.413  305.271  305.159  305.076  305.021  304.993  
308.779  308.869  309.093  309.293  309.384  309.348  309.566  309.869  309.789  309.329  308.972  308.773  308.459  308.013  307.630  307.349  307.144  307.011  306.982  306.995  306.793  306.373  305.988  305.693  305.450  305.249  305.083  304.948  304.843  304.765  304.713  304.687  
308.185  308.273  308.493  308.688  308.774  308.734  308.950  309.254  309.179  308.727  308.382  308.197  307.902  307.477  307.115  306.855  306.668  306.553  306.541  306.571  306.387  305.985  305.620  305.343  305.118  304.933  304.780  304.657  304.561  304.490  304.443  304.420  
307.527  307.602  307.799  307.968  308.031  307.971  308.162  308.446  308.373  307.943  307.622  307.458  307.203  306.838  306.529  306.308  306.147  306.049  306.046  306.087  305.925  305.559  305.233  304.992  304.798  304.639  304.508  304.401  304.318  304.257  304.216  304.196  
306.839  306.857  306.895  306.927  306.940  306.929  306.936  306.935  306.861  306.713  306.552  306.394  306.230  306.062  305.897  305.744  305.605  305.481  305.373  305.267  305.129  304.959  304.791  304.640  304.505  304.386  304.284  304.199  304.131  304.080  304.046  304.029  
306.453  306.453  306.453  306.447  306.435  306.412  306.377  306.327  306.258  306.169  306.064  305.949  305.826  305.697  305.567  305.437  305.309  305.184  305.061  304.939  304.815  304.690  304.568  304.451  304.344  304.246  304.161  304.088  304.029  303.985  303.955  303.940  

